 j       y+           u_mean+          uu+            ww+
 1   1.477129e-01   1.484999e-01   3.409807e-03   1.327089e-03
 2   4.524840e-01   4.546554e-01   3.178707e-02   1.129687e-02
 3   7.780542e-01   7.813795e-01   9.357201e-02   3.080429e-02
 4   1.128718e+00   1.132764e+00   1.960683e-01   5.970355e-02
 5   1.508913e+00   1.512836e+00   3.485385e-01   9.787071e-02
 6   1.923200e+00   1.925399e+00   5.619140e-01   1.450819e-01
 7   2.376239e+00   2.373801e+00   8.479566e-01   2.009171e-01
 8   2.872766e+00   2.860611e+00   1.217627e+00   2.647039e-01
 9   3.417571e+00   3.387224e+00   1.678553e+00   3.355162e-01
10   4.015468e+00   3.953412e+00   2.231834e+00   4.122339e-01
11   4.671275e+00   4.556893e+00   2.868906e+00   4.936527e-01
12   5.389789e+00   5.193025e+00   3.569606e+00   5.786120e-01
13   6.175761e+00   5.854746e+00   4.302568e+00   6.660979e-01
14   7.033875e+00   6.532846e+00   5.028482e+00   7.552773e-01
15   7.968727e+00   7.216598e+00   5.705677e+00   8.454475e-01
16   8.984802e+00   7.894667e+00   6.296520e+00   9.359168e-01
17   1.008646e+01   8.556144e+00   6.772760e+00   1.025871e+00
18   1.127790e+01   9.191492e+00   7.118491e+00   1.114282e+00
19   1.256318e+01   9.793224e+00   7.330362e+00   1.199910e+00
20   1.394616e+01   1.035623e+01   7.415627e+00   1.281382e+00
21   1.543052e+01   1.087777e+01   7.389025e+00   1.357335e+00
22   1.701970e+01   1.135714e+01   7.269492e+00   1.426565e+00
23   1.871696e+01   1.179529e+01   7.077307e+00   1.488175e+00
24   2.052529e+01   1.219430e+01   6.831987e+00   1.541653e+00
25   2.244747e+01   1.255703e+01   6.551058e+00   1.586851e+00
26   2.448600e+01   1.288671e+01   6.249614e+00   1.623930e+00
27   2.664313e+01   1.318669e+01   5.940262e+00   1.653316e+00
28   2.892085e+01   1.346026e+01   5.633099e+00   1.675608e+00
29   3.132088e+01   1.371059e+01   5.335730e+00   1.691469e+00
30   3.384466e+01   1.394066e+01   5.053434e+00   1.701577e+00
31   3.649334e+01   1.415331e+01   4.789379e+00   1.706639e+00
32   3.926781e+01   1.435111e+01   4.545159e+00   1.707368e+00
33   4.216869e+01   1.453640e+01   4.321442e+00   1.704407e+00
34   4.519630e+01   1.471121e+01   4.118153e+00   1.698234e+00
35   4.835071e+01   1.487727e+01   3.934035e+00   1.689101e+00
36   5.163170e+01   1.503606e+01   3.767210e+00   1.677092e+00
37   5.503880e+01   1.518884e+01   3.615862e+00   1.662264e+00
38   5.857128e+01   1.533667e+01   3.478238e+00   1.644727e+00
39   6.222816e+01   1.548044e+01   3.352787e+00   1.624862e+00
40   6.600822e+01   1.562080e+01   3.238273e+00   1.603197e+00
41   6.991002e+01   1.575827e+01   3.133614e+00   1.580148e+00
42   7.393187e+01   1.589323e+01   3.037528e+00   1.556001e+00
43   7.807191e+01   1.602592e+01   2.949077e+00   1.531166e+00
44   8.232805e+01   1.615644e+01   2.867967e+00   1.505906e+00
45   8.669803e+01   1.628483e+01   2.793370e+00   1.480410e+00
46   9.117942e+01   1.641132e+01   2.723907e+00   1.454846e+00
47   9.576963e+01   1.653621e+01   2.658880e+00   1.429170e+00
48   1.004659e+02   1.665970e+01   2.597720e+00   1.403470e+00
49   1.052654e+02   1.678194e+01   2.539316e+00   1.378121e+00
50   1.101652e+02   1.690314e+01   2.482453e+00   1.353142e+00
51   1.151621e+02   1.702344e+01   2.427083e+00   1.327908e+00
52   1.202529e+02   1.714267e+01   2.373518e+00   1.301938e+00
53   1.254346e+02   1.726051e+01   2.321612e+00   1.275357e+00
54   1.307036e+02   1.737680e+01   2.271071e+00   1.248490e+00
55   1.360567e+02   1.749153e+01   2.221850e+00   1.221506e+00
56   1.414905e+02   1.760462e+01   2.174105e+00   1.194389e+00
57   1.470016e+02   1.771599e+01   2.127536e+00   1.166951e+00
58   1.525866e+02   1.782565e+01   2.081751e+00   1.139169e+00
59   1.582421e+02   1.793365e+01   2.036147e+00   1.111113e+00
60   1.639645e+02   1.804004e+01   1.990415e+00   1.082822e+00
61   1.697507e+02   1.814485e+01   1.944392e+00   1.054342e+00
62   1.755973e+02   1.824808e+01   1.898099e+00   1.025570e+00
63   1.815009e+02   1.834974e+01   1.851853e+00   9.967473e-01
64   1.874583e+02   1.844975e+01   1.806133e+00   9.681214e-01
65   1.934664e+02   1.854801e+01   1.761149e+00   9.399153e-01
66   1.995219e+02   1.864456e+01   1.716566e+00   9.120224e-01
67   2.056220e+02   1.873946e+01   1.672322e+00   8.842413e-01
68   2.117636e+02   1.883263e+01   1.628469e+00   8.566594e-01
69   2.179439e+02   1.892404e+01   1.585024e+00   8.297784e-01
70   2.241600e+02   1.901359e+01   1.541810e+00   8.038871e-01
71   2.304094e+02   1.910117e+01   1.498774e+00   7.786983e-01
72   2.366893e+02   1.918674e+01   1.455882e+00   7.538506e-01
73   2.429974e+02   1.927030e+01   1.412927e+00   7.294804e-01
74   2.493313e+02   1.935182e+01   1.369815e+00   7.058509e-01
75   2.556886e+02   1.943125e+01   1.326723e+00   6.829494e-01
76   2.620673e+02   1.950852e+01   1.283814e+00   6.605326e-01
77   2.684652e+02   1.958349e+01   1.241293e+00   6.383174e-01
78   2.748804e+02   1.965594e+01   1.199295e+00   6.163270e-01
79   2.813111e+02   1.972568e+01   1.157489e+00   5.948216e-01
80   2.877556e+02   1.979259e+01   1.115645e+00   5.739853e-01
81   2.942123e+02   1.985666e+01   1.073772e+00   5.538596e-01
82   3.006795e+02   1.991788e+01   1.032014e+00   5.345369e-01
83   3.071561e+02   1.997611e+01   9.906151e-01   5.160695e-01
84   3.136405e+02   2.003123e+01   9.499310e-01   4.985174e-01
85   3.201318e+02   2.008314e+01   9.103232e-01   4.819822e-01
86   3.266287e+02   2.013173e+01   8.722392e-01   4.664419e-01
87   3.331303e+02   2.017684e+01   8.361237e-01   4.518528e-01
88   3.396357e+02   2.021836e+01   8.022367e-01   4.382580e-01
89   3.461442e+02   2.025610e+01   7.708722e-01   4.257548e-01
90   3.526550e+02   2.028974e+01   7.424553e-01   4.144308e-01
91   3.591676e+02   2.031889e+01   7.173596e-01   4.044621e-01
92   3.656814e+02   2.034335e+01   6.959799e-01   3.961169e-01
93   3.721961e+02   2.036304e+01   6.787248e-01   3.896209e-01
94   3.787112e+02   2.037794e+01   6.657595e-01   3.849798e-01
95   3.852267e+02   2.038799e+01   6.569919e-01   3.820640e-01
96   3.917422e+02   2.039315e+01   6.522726e-01   3.807068e-01

 j       y+             vv+           -uv+
 1   2.954259e-01   9.103801e-07   2.521976e-05
 2   6.095421e-01   1.443999e-05   2.242742e-04
 3   9.465664e-01   7.527288e-05   8.525184e-04
 4   1.310870e+00   2.484421e-04   2.292287e-03
 5   1.706956e+00   6.383537e-04   5.097708e-03
 6   2.139443e+00   1.399139e-03   1.003488e-02
 7   2.613034e+00   2.744833e-03   1.810111e-02
 8   3.132498e+00   4.957488e-03   3.050063e-02
 9   3.702644e+00   8.391203e-03   4.855382e-02
10   4.328293e+00   1.347034e-02   7.352835e-02
11   5.014258e+00   2.068097e-02   1.064051e-01
12   5.765320e+00   3.055538e-02   1.476232e-01
13   6.586202e+00   4.365046e-02   1.968749e-01
14   7.481549e+00   6.052025e-02   2.530219e-01
15   8.455905e+00   8.168276e-02   3.141784e-01
16   9.513698e+00   1.075801e-01   3.779526e-01
17   1.065922e+01   1.385326e-01   4.417888e-01
18   1.189659e+01   1.746898e-01   5.033160e-01
19   1.322978e+01   2.159864e-01   5.606185e-01
20   1.466255e+01   2.621130e-01   6.123791e-01
21   1.619848e+01   3.125118e-01   6.578908e-01
22   1.784092e+01   3.663998e-01   6.969690e-01
23   1.959300e+01   4.228177e-01   7.298124e-01
24   2.145759e+01   4.806913e-01   7.568645e-01
25   2.343735e+01   5.388969e-01   7.787052e-01
26   2.553465e+01   5.963282e-01   7.959643e-01
27   2.775161e+01   6.519565e-01   8.092510e-01
28   3.009010e+01   7.048759e-01   8.191099e-01
29   3.255167e+01   7.543248e-01   8.260151e-01
30   3.513764e+01   7.997001e-01   8.303764e-01
31   3.784903e+01   8.405562e-01   8.325493e-01
32   4.068659e+01   8.766097e-01   8.328520e-01
33   4.365079e+01   9.077512e-01   8.315687e-01
34   4.674182e+01   9.340276e-01   8.289401e-01
35   4.995960e+01   9.556187e-01   8.251584e-01
36   5.330379e+01   9.728058e-01   8.203771e-01
37   5.677380e+01   9.859536e-01   8.147236e-01
38   6.036875e+01   9.954500e-01   8.083108e-01
39   6.408756e+01   1.001650e+00   8.012340e-01
40   6.792888e+01   1.004893e+00   7.935686e-01
41   7.189115e+01   1.005523e+00   7.853738e-01
42   7.597259e+01   1.003851e+00   7.767056e-01
43   8.017122e+01   1.000203e+00   7.676247e-01
44   8.448487e+01   9.949408e-01   7.581498e-01
45   8.891119e+01   9.883852e-01   7.482590e-01
46   9.344765e+01   9.807368e-01   7.379531e-01
47   9.809160e+01   9.720838e-01   7.272621e-01
48   1.028402e+02   9.624858e-01   7.162127e-01
49   1.076906e+02   9.520375e-01   7.047960e-01
50   1.126397e+02   9.408275e-01   6.930396e-01
51   1.176844e+02   9.289582e-01   6.810190e-01
52   1.228215e+02   9.165325e-01   6.687681e-01
53   1.280476e+02   9.036195e-01   6.562777e-01
54   1.333596e+02   8.902503e-01   6.435332e-01
55   1.387539e+02   8.763780e-01   6.305559e-01
56   1.442272e+02   8.619947e-01   6.173580e-01
57   1.497761e+02   8.471239e-01   6.039305e-01
58   1.553971e+02   8.318224e-01   5.902746e-01
59   1.610870e+02   8.162189e-01   5.763998e-01
60   1.668421e+02   8.004415e-01   5.623244e-01
61   1.726593e+02   7.845969e-01   5.480631e-01
62   1.785352e+02   7.687478e-01   5.336283e-01
63   1.844665e+02   7.529774e-01   5.190436e-01
64   1.904501e+02   7.373743e-01   5.043267e-01
65   1.964826e+02   7.219925e-01   4.894689e-01
66   2.025612e+02   7.069242e-01   4.744789e-01
67   2.086828e+02   6.922708e-01   4.593851e-01
68   2.148444e+02   6.780650e-01   4.441976e-01
69   2.210433e+02   6.642549e-01   4.289290e-01
70   2.272767e+02   6.507756e-01   4.135902e-01
71   2.335420e+02   6.376056e-01   3.981709e-01
72   2.398366e+02   6.247109e-01   3.826667e-01
73   2.461582e+02   6.120189e-01   3.670886e-01
74   2.525043e+02   5.994845e-01   3.514470e-01
75   2.588729e+02   5.871438e-01   3.357561e-01
76   2.652616e+02   5.750844e-01   3.200334e-01
77   2.716687e+02   5.633713e-01   3.042979e-01
78   2.780921e+02   5.520489e-01   2.885510e-01
79   2.845302e+02   5.411675e-01   2.727848e-01
80   2.909811e+02   5.307827e-01   2.569902e-01
81   2.974434e+02   5.209194e-01   2.411754e-01
82   3.039157e+02   5.115989e-01   2.253627e-01
83   3.103965e+02   5.028633e-01   2.095599e-01
84   3.168846e+02   4.947517e-01   1.937631e-01
85   3.233789e+02   4.872618e-01   1.779747e-01
86   3.298784e+02   4.803774e-01   1.621964e-01
87   3.363822e+02   4.741020e-01   1.464215e-01
88   3.428893e+02   4.684389e-01   1.306577e-01
89   3.493991e+02   4.633585e-01   1.149313e-01
90   3.559109e+02   4.588342e-01   9.925068e-02
91   3.624243e+02   4.548701e-01   8.359351e-02
92   3.689386e+02   4.514550e-01   6.794254e-02
93   3.754536e+02   4.485881e-01   5.229719e-02
94   3.819689e+02   4.463188e-01   3.665868e-02
95   3.884844e+02   4.447335e-01   2.102648e-02
96   3.950000e+02   4.439076e-01   5.399688e-03